5417918
11620014
12718082
17498507
21878631
22214337
24876803
27644247
27944719
34371358
38690213
39949025
40910740
42445963
45349463
48093916
49173597
51556743
57581171
57889854
63543767
66631428
71201466
71386333
77624144
80459289
81837756
84738097
87413595
91029001
93889606
94013496
100052075
100227712
103833461
105119059
105335424
107027371
107663702
111637371
112771553
114588163
116087275
120459857
123001632
127766099
128386310
132484345
133689462
136980415
137291240
146631188
148217089
148670848
149760358
150322401
154288202
159146749
159625160
161139389
161472691
161606104
164351172
165208792
165993735
166545187
167727321
168034156
178909520
179737203
180341099
180653761
189287520
192123608
196404064
196471315
199184578
199544631
201332851
206387013
206856336
209787699
211344481
223121636
223513346
228368173
231668203
236403906
239548699
243599581
251068848
252226798
252730142
253599356
261390464
261495512
263795874
265979354
266323116
266732326
267145928
268834929
270459933
277203524
279007169
279843567
281526310
285671969
287917442
289744838
290019275
291958150
296244039
297136626
297470730
297557788
301315607
301807997
302834071
303457914
305170872
305713917
308269486
309583080
313320469
314598394
314632693
315616935
318929099
320516145
323960620
324742007
325956164
327060542
328180766
329934478
330101458
335657276
336946601
337723388
339021148
340323637
340370063
342203533
346311418
346337277
354405974
354902310
355073425
355427044
355766704
357598446
358540898
359853357
362410644
364338319
365943887
367952922
370325229
371627405
380354454
380489178
381491773
386654757
392796011
396095494
397088879
400697891
401022242
402753009
406067447
412031132
423810527
423906902
424882101
424959039
428016423
428095842
428119054
429724155
432312054
432990526
433224454
434201077
435573173
439308630
442043439
447963293
448235615
449843149
452240194
452941872
454130653
456166005
457168316
461357887
464257777
465188781
468886596
469384438
469734380
470545650
474791872
475264671
476954409
483905461
487759451
490274367
490446522
492066761
493383430
493902693
494097193
498325653
499028005
499426310
500235588
500366178
501225369
501651012
503555525
505268845
508726250
515808526
516252589
516943096
517645589
517687648
518580426
520839814
521032875
521614287
521828940
523517484
523609625
531614947
534789775
535124887
536129927
537678306
540189902
542258793
543097877
543619799
544466265
547531754
547791809
550400263
551918726
555165005
555627217
560683205
563653156
568933730
575274116
577918958
579331198
579543561
580474351
584059601
585325702
587641584
587654948
589235592
591468164
591528450
591888228
594605544
594807677
599872773
601323862
614490030
614839716
621164184
621553930
623119733
624276250
624715019
625997262
628679381
629202530
630164217
631488608
634222914
635832119
637281089
638329666
640649010
652377161
657392501
658297489
660400741
664042727
665683780
667650799
667770557
668174812
668547198
669268529
671184166
672368585
672741880
674148186
676432784
676499040
677435479
681166360
686342292
691891717
694582922
699369047
710216520
714905233
718632196
718807660
721482419
723569750
725932937
727331774
728991365
729771796
730004834
730792353
732559297
733351609
734500208
735030274
738126627
740023863
741250286
742440256
743088410
746853163
751186989
751210058
751463357
754466162
754726104
754823904
755026520
761735475
765961191
765979463
766014614
766241522
842151217
842283018
842085681
940193585
942813748
942747699
842283018
909457456
956969272
959524916
892876083
842283274
926101816
956971060
876032564
960050743
842283018
808663090
956971057
892614960
909456439
909457674
842610233
956969527
842348853
909195572
842610698
808859448
940192568
942813748
876032563
909261066
942747697
956970545
926496309
808857649
909588490
892482352
956970038
892350518
859060016
842283018
808663090
940193841
909522992
809054259
909457674
808531769
940193589
825635385
808859956
959461642
875967796
956971315
892614960
876033591
842283018
842019126
956969779
909719093
926037305
842283018
943207475
956969781
959527216
842478901
842283018
909127990
940193849
892876848
942945337
808728842
892483889
956971062
825766452
942946099
909588490
892482352
956969782
909261104
909520945
842283274
909587511
956970809
926496309
892613936
909261066
859191604
940194096
892876848
959723063
959461642
876099637
940191801
942944825
842347314
909457674
808466233
940193843
892547641
942748976
959789066
808465968
940193329
942813748
942747699
942684170
808662582
956969017
959524916
825505843
959461642
959590965
940192313
892352816
959787572
959461642
909587764
940192823
859125808
959854385
808728842
892549425
940194104
859190578
892875573
942684170
960050488
956970549
909392181
842282545
892811274
926365241
956970553
926496309
892416817
842610698
959721782
940191798
858797623
825832755
842283018
808663090
940193841
825242164
909259065
909457674
926496313
956971319
825702704
859385913
909261066
859255600
940193072
942813748
942747699
859060490
876032050
956970295
909719093
825767737
959789322
842478133
940193329
926167604
825243960
842283018
808663090
956971057
842086704
809056567
1111768357
1113407448
127825
0
1121471082
1122611815
1124087131
1124490756
1125314819
1125953350
1131131625
1134187755
1135522905
1135802886
1144423223
1145032375
1150124775
1151493644
1153921593
1158591733
1158840699
1162585248
1163343772
1164211726
1167460194
1168412256
1171727321
1176329096
1176386012
1177569485
1182969823
1185245172
1186431257
1187038158
1187827527
1189808219
1190337607
1190412983
1198725746
1200498943
1200870246
1205514204
1208019784
1209194034
1210499481
1211982572
1215619994
1217126548
1217234460
1234704678
1240236796
1242897122
1246696076
1248364649
1249079062
1249636333
1251332734
1254729512
1255772216
1264953202
1269235062
1269698397
1271981604
1274804357
1276155832
1276415307
1277988064
1279509251
1279622350
1280091051
1280597652
1280871544
1282373759
1282495909
1284176501
1284939980
1287611311
1293604376
1294878868
1296103047
1300445839
1300616746
1301460506
1301893418
1304969745
1306204516
1306493607
1313010869
1313475817
1317396860
1318609877
1320280529
1324887075
1326345626
1326556777
1328358921
1329032133
1329551645
1329566544
1331197487
1334319895
1334827980
1335260185
1337098438
1338006408
1340365127
1341012588
1341022385
1342378352
1344308209
1349229371
1351983986
1354159391
1359505085
1360697263
1365965305
1367114932
1367991639
1369749488
1372048482
1373051108
1375442513
1378469027
1380825364
1382105079
1384693033
1385570158
1386169609
1387204578
1388276190
1388310907
1389307013
1389332710
1389710784
1391260764
1392182068
1393363299
1395197061
1396334537
1398125935
1399072684
1404180921
1406046726
1407695355
1410730541
1411994950
1412744307
1417472998
1418162784
1427962397
1430197632
1430658699
1432006843
1433872202
1451231180
1452604523
1455935203
1456088834
1456097988
1456592113
1459685785
1465486927
1466242281
1470294265
1471161247
1471330179
1473443991
1475084912
1481666318
1483048468
1484150531
1486232994
1488548450
1488943291
1492524350
1494275399
1494519559
1495570377
1496413698
1497589199
1500437607
1500991465
1501029349
1502259428
1502953451
1503460764
1503956156
1508329270
1508736047
1512283462
1515437101
1519794265
1522047948
1523548136
1534740317
1535718961
1538735460
1539838109
1540033185
1544049242
1545380467
1559840599
1562958644
1565064155
1568993562
1569382262
1569489840
1572893253
1576113156
1577076937
1577317274
1577728613
1578818142
1579536548
1579560101
1579981373
1580774689
1581240683
1583177605
1583882902
1585955842
1586647163
1587513321
1591619402
1593025945
1593027160
1595972185
1597641274
1597899987
1601438733
1604596074
1605029907
1606196329
1607152163
1608788123
1609602422
1610842009
1612000522
1613058747
1613905338
1619043206
1621132891
1621570470
1621911771
1625055016
1625843082
1629596773
1631392237
1633306551
1635924642
1639445440
1642705320
1643481391
1643866647
1645770943
1647422528
1647501811
1647783238
1649108456
1651475480
1653103789
1654343461
1655630129
1661144727
1661726182
1662233336
1663970144
1664145463
1665047661
1665133613
1665718897
1666057873
1666804024
1668307329
1669769442
1670063268
1670482168
1670595495
1672284608
1672663030
1673441937
1674670339
1675696652
1676416241
1680209942
1681294889
1691665101
1692383568
1696140812
1696809114
1698611034
1699490078
1704140800
1706139091
1707275144
1707818113
1708082189
1711946585
1712239380
1713452209
1721565762
1723324440
1724403312
1727897475
1728434961
1730272947
1732982384
1733510860
1734648184
1742331709
1743012717
1743165885
1744264707
1746011127
1746454483
1751647774
1759580385
1762252415
1766970820
1769993783
1770476972
1770893250
1774273815
1779322760
1781314224
1787363492
1790519949
1791907029
1792127029
1793686348
1794502481
1795317777
1798737123
1803700676
1805335924
1805559939
1807781359
1810960269
1812797471
1821775465
1827197262
1830489074
1835735996
1835849658
1840024623
1842146789
1843023125
1848544752
1850874496
1851771076
1851962000
1856072738
1861396524
1861658612
1865188669
1866272521
1866518888
1870401013
1870558924
1872581564
1872586319
1874220583
1876020735
1876340237
1876717889
1881748296
1882024552
1882359734
1882656049
1887067300
1889435972
1889904523
1889946372
1892651892
1893916768
1898515595
1901147172
1903257806
1905887975
1907014807
1909801791
1910498105
1913069577
1913514242
1919470129
1923313812
1924036700
1924162375
1928760870
1929575842
1929609996
1930503777
1931814455
1933823890
1936016915
1938533975
1940273693
1941332372
1945193031
1946555324
1947689192
1948005273
1948099370
1951978175
1954254401
1955700958
1960495040
1962054849
1967147103
1967704591
1970142703
1979092473
1979707613
1980073827
1984478669
1986521077
1986991265
1992012505
1995392077
1997505685
1998768957
1998912940
2001584134
2003823738
2004916165
2005711468
2006894220
2009983015
2016483032
2019661235
2022331799
2023130306
2023384424
2028406601
2032166656
2034981528
2037622900
2040449286
2043035273
2044329667
2048022436
2050736990
2053114212
2053610014
2053610710
2056189536
2060719493
2063783014
2070457461
2070784384
2071369717
2072253789
2074651107
2077073477
2078356565
2078823162
2079979931
2081232184
2084278693
2084281496
2085255016
2085482554
2095364270
2095364943
2099767397
2100994708
2103053794
2105473279
2109109772
2111191185
2113651863
2116197078
2119086154
2119784155
2122627386
2124481326
2124569266
2125582248
2129297183
2131246654
2135767893
2140105352
2145382034
2147281031
